lpl
562723
660136
518512
880351
19175449
101
buqiuren
102411
11342412
880201
22450196
guying
417964
gushouyu
11342421
272519
24232350
107222
229085
dasdad
92535
20241115
24245340
912597
52724
qingwa666
adgll
wangzhe20181126
24244254
774810
518518
sgjsheng
491625
20884454
23891287
419568
990128
codm2021
523980
11352970
hyc520
chaojie
majiajia
451983
51200
cxldb
18148995
mengxing1221
641641
nanyanx
52715
880261
19685849
859042
agbaozi
522222
308775
23026541
20013649
150
503376
100270
159409
11342386
20149018
yuanwang
21798128
shangjin
daobahao
11601968
22446584
616702
761792
guihu
wuxie996
11352915
213686
ye4655
814814
agjueji
125393
11352960
421893
393751
868067
miqijieshuo
863024
11352914
20405455
588332
660004
hujiangjun
24206264
11342396
23735892
880214
520123
926024
701487
23890775
199918
20528
791112
20072872
dabaoii
526671
246810
577368
22469619
clkimmy
517518
199129
21172281
lovemia
mcliming
717727
681106
22660176
22562101
