kaerlol
wjz520cx
229085
274874
1123
21450685
107222
uzi
417964
518512
24127430
17586345
920766
400298
majiajia
11342412
930671
hyc520
huanxiongjun
bagea
5801xiaowei
522222
23742685
23431624
131499
gushouyu
lafeng
451268
20389851
24262914
ye4655
agbaozi
791166
92535
92601
19996921
mengxing1221
xiaozhan
52503
52715
491625
22450196
942020
qingwa666
920314
11342421
20283522
23965767
520123
lpl
503376
adgll
272519
24266522
lovemia
471843
feiduan1520
pp1204
11352970
22071253
859042
xiaotuimao
520jiege
237411
cxldb
20884454
tingxiaojie
791133
518518
785018
11352915
wangzhe20181126
912597
doudizhu
385248
miaomeier
11352914
520375
552423
274111
ganzhe
yingying8808
328154
98larj
lyywzry
22469619
635477
20094915
381737
21246076
634126
21798128
611263
maxiaoshuai
520993
824742
10098420
24289512
417019
726894
246810
22905135
271423
15316920
833718
604393
23026541
24083013
688062
453946
shamate
484736
880261
18203365
146268
20449810
776075
747246
19175449
22660176
330679
235604
546529
62627
23006361
laogui2016
10302920
51911
196501
14612337
23294597
731893
dst666007
239116
11601968
22446584
384216
497172
52513
52018
11352960
21171988
381694
aibasixi
23007685
146150
20755223
13727124
20162401
22178509
hujiangjun
145134
291639
20553607
shangjin
24273474
545304
11342386
23946345
479224
huzigege
20013649
23239891
11601966
761792
708964
23798259
132021
24237556
289545
638273
205258
626178
19462789
128223
22034676
lollover02
262563
kh1905
17428351
19159838
529219
duge527
23016860
23855780
shierhua
clkimmy
17102254
928097
24226592
17632103
971748
757153
23442752
221555
23575448
899071
lovemaoyou
681028
11336592
xianrenzhang
23575482
395426
15933201
23550656
971724
23052035
22258389
613771
18743277
384282
21943151
24024435
18937467
23414178
zhoumiao
951058
11352944
xashow
23562144
lcs
22626095
113289
11602068
21866414
17636424
17516898
bigorange
248078
28910
880214
52588
396731
954986
5219
59188
31582
654773
327704
16696383
86742
310327
520941
22453089
22847797
17972350
21691118
23318713
22962518
15552449
564721
52185
52315
273424
17566287
428705
20328988
17078429
37148
jpyw520
17925116
329829
395334
16149952
24226370
20191955
557143
536238
21257567
327577
22799086
22513551
271532
22895266
20469850
853291
20490170
227788
22491516
353489
381794
327763
517629
24100963
942098
172656
21296344
23438791
16316699
334054
255132
22933643
291560
12479725
20722128
19637122
16579375
100953
l9135
21570858
419154
257159
274091
475636
xiaoximei
19973583
557184
23973373
20909389
517369
370394
22803608
23916246
17656797
23046427
16857157
24154203
10081025
370176
239470
dada2
17258619
ognk6666
10479882
23346195
22743355
24273666
371072
24278113
23313710
798276
529365
cfml2021
18428346
17935760
971573
271562
204976
271461
371211
23319751
11436934
520911
codm2021
19563158
167425
465072
23343417
21827199
22289191
162541
458104
297191
59421
962970
520139
23266745
16581049
17022630
848871
23890775
325846
19884529
642594
2978588muyao
170493
18551368
215609
273426
127277
78315
291786
21357497
mangofish
550818
412615
23785687
298111
20041526
10423407
179428
16787155
20030335
17486566
783457
23594362
shenfafei
791120
liurufeng
21925043
17792367
24012008
23336846
19793027
273851
995713
19273647
16959014
16233190
21893165
16964076
lolduji
20013210
891464
23746352
23939452
10328586
278912
642671
18798335
23672872
22879308
123888
23144364
baishahaonan
23997866
18106355
wenwen97
979856
411554
946619
791112
16112330
613274
268770
18191937
23701258
22579692
397169
16711486
18517812
224549
jianliu666
24004565
lin123666
24057001
520998
zhujige
hubery
18747431
16374927
969256
20163319
17567193
325741
936041
337969
23318049
214248
528135
584773
23316002
247297
237501
327975
24129659
21596430
924313
20552004
237479
315381
24084628
24250037
271516
562126
19980677
